89
109
178
197
218
233
269
281
311
313
317
337
353
394
397
401
421
433
449
457
466
467
479
523
538
562
569
577
622
626
631
634
641
643
674
701
706
709
719
733
757
769
794
797
802
809
842
853
857
866
881
898
914
934
941
958
967
1013
1021
1033
1046
1049
1051
1087
1091
1123
1138
1153
1154
1193
1213
1217
1229
1237
1262
1277
1282
1286
1289
1297
1319
1321
1327
1381
1402
1409
1418
1423
1427
1429
1433
1438
1451
1466
1483
1489
1493
1511
1514
1538
1549
1559
1567
1594
1597
1607
1618
1621
1637
1669
1697
1706
1709
1714
1733
1762
1789
1861
1873
1882
1907
1934
1993
2017
2026
2042
2053
2066
2081
2089
2098
2102
2113
2137
2141
2143
2153
2174
2182
2203
2246
2267
2281
2293
2306
2351
2357
2371
2377
2386
2393
2417
2423
2426
2434
2458
2459
2467
2473
2474
2503
2543
2549
2551
2554
2578
2594
2609
2617
2621
2638
2642
2647
2654
2659
2683
2693
2699
2707
2713
2729
2749
2762
2767
2777
2797
2801
2803
2818
2837
2843
2846
2854
2858
2861
2866
2902
2903
2953
2966
2969
2978
2986
2999
3011
3019
3022
3049
3061
3067
3098
3109
3118
3119
3134
3163
3194
3203
3209
3214
3221
3229
3242
3251
3259
3274
3301
3313
3329
3331
3338
3343
3394
3407
3413
3418
3466
3469
3517
3557
3578
3583
3593
3607
3613
3617
3637
3643
3659
3671
3677
3691
3697
3701
3722
3746
3761
3767
3769
3793
3814
3823
3833
3847
3853
3911
3931
3943
3947
3967
3986
3989
4019
4034
4051
4073
4079
4093
4106
4111
4129
4139
4159
4162
4177
4178
4219
4226
4229
4241
4259
4273
4274
4282
4286
4297
4306
4373
4406
4409
4441
4457
4463
4481
4493
4507
4519
4534
4549
4562
4567
4586
4637
4639
4649
4691
4702
4714
4721
4723
4733
4742
4754
4786
4787
4789
4793
4801
4831
4834
4846
4871
4889
4903
4909
4918
4919
4931
4933
4934
4946
4967
4969
4973
4999
5003
5006
5009
5011
5023
5059
5077
5086
5098
5099
5101
5102
5107
5113
5119
5147
5153
5218
5234
5242
5281
5294
5303
5318
5347
5366
5386
5387
5393
5398
5399
5414
5426
5443
5458
5477
5498
5501
5521
5531
5534
5554
5557
5594
5602
5606
5659
5669
5674
5686
5693
5711
5722
5779
5806
5807
5813
5849
5857
5867
5897
5906
5938
5953
5998
6022
6029
6038
6053
6073
6079
6091
6098
6101
6122
6131
6134
6163
6211
6218
6221
6238
6269
6277
6326
6329
6343
6353
6361
6373
6389
6397
6406
6418
6442
6458
6469
6481
6502
6518
6521
6529
6547
6551
6553
6563
6571
6577
6581
6602
6626
6637
6658
6659
6662
6686
6689
6733
6737
6763
6791
6803
6814
6823
6826
6857
6863
6869
6907
6938
6949
6961
6967
6971
6991
6997
7013
7027
7034
7069
7079
7103
7109
7114
7121
7127
7129
7166
7186
7214
7226
7234
7247
7274
7286
7307
7309
7318
7321
7331
7342
7354
7369
7382
7393
7394
7402
7411
7417
7433
7457
7477
7481
7489
7507
7517
7522
7523
7529
7534
7538
7549
7573
7577
7583
7586
7591
7643
7646
7666
7669
7681
7687
7694
7703
7706
7727
7741
7753
7789
7817
7822
7823
7853
7862
7879
7886
7894
7907
7933
7934
7937
7949
7963
7978
8009
8038
8039
8053
8081
8093
8102
8117
8123
8146
8158
8161
8167
8171
8179
8186
8209
8221
8222
8233
8258
8273
8278
8293
8297
8318
8354
8363
8369
8377
8389
8429
8438
8458
8461
8467
8482
8518
8521
8527
8539
8546
8594
8599
8713
8719
8737
8741
8746
8747
8779
8818
8837
8849
8863
8867
8882
8914
8926
8929
8941
8951
8962
8969
8986
8999
9001
9007
9011
9013
9014
9029
9038
9049
9098
9109
9134
9157
9181
9187
9199
9203
9209
9239
9274
9278
9293
9298
9319
9382
9397
9403
9419
9421
9442
9446
9466
9511
9547
9551
9574
9578
9586
9587
9602
9619
9631
9643
9649
9662
9679
9733
9739
9742
9767
9769
9778
9806
9818
9833
9838
9851
9857
9862
9866
9883
9907
9929
9931
9934
9938
9941
9946
9949
9998
10006
10007
10018
10022
10039
10046
10069
10093
10103
10111
10118
10151
10154
10159
10177
10193
10198
10202
10214
10226
10238
10253
10259
10267
10294
10303
10306
10321
10333
10343
10391
10399
10433
10457
10477
10499
10501
10559
10562
10567
10606
10613
10631
10651
10657
10691
10694
10711
10723
10729
10733
10774
10786
10789
10798
10799
10853
10883
10886
10891
10909
10954
10957
10979
11002
11003
11042
11057
11062
11069
11083
11087
11093
11113
11114
11119
11131
11161
11171
11197
11213
11257
11287
11318
11321
11329
11338
11353
11369
11383
11386
11393
11422
11437
11443
11447
11489
11497
11503
11519
11558
11579
11614
11617
11621
11626
11657
11689
11698
11714
11734
11777
11794
11801
11813
11827
11833
11867
11881
11887
11897
11903
11906
11933
11939
11953
11969
12007
12041
12043
12058
12101
12106
12113
12146
12149
12158
12182
12197
12202
12239
12241
12262
12289
12301
12323
12326
12329
12373
12379
12401
12409
12422
12433
12437
12442
12457
12479
12487
12497
12503
12511
12517
12527
12538
12539
12547
12554
12569
12583
12611
12613
12637
12653
12658
12671
12686
12689
12706
12713
12722
12743
12746
12757
12778
12794
12799
12823
12841
12899
12911
12917
12919
12923
12938
12941
12962
12967
12973
12979
13001
13003
13007
13009
13042
13043
13058
13063
13093
13094
13102
13106
13109
13126
13127
13142
13147
13154
13159
13162
13177
13229
13259
13274
13309
13318
13327
13367
13378
13381
13397
13399
13441
13457
13466
13469
13474
13477
13513
13526
13537
13553
13577
13582
13606
13619
13627
13633
13646
13669
13691
13697
13714
13721
13723
13726
13738
13751
13757
13763
13781
13799
13814
13829
13831
13883
13898
13903
13922
13931
13934
13942
13963
13982
13994
14026
14033
14054
14071
14081
14083
14087
14138
14149
14158
14159
14177
14197
14206
14207
14218
14221
14242
14249
14254
14258
14281
14321
14369
14389
14401
14423
14437
14461
14494
14593
14614
14618
14621
14627
14633
14642
14662
14669
14713
14717
14738
14747
14753
14759
14767
14786
14797
14821
14822
14834
14866
14887
14897
14914
14923
14951
14954
14957
14962
14978
14983
15013
15014
15034
15046
15058
15061
15073
15077
15091
15098
15101
15121
15137
15146
15154
15166
15182
15217
15241
15277
15286
15289
15307
15313
15329
15338
15362
15373
15374
15401
15406
15439
15443
15454
15461
15473
15482
15506
15527
15559
15578
15583
15607
15619
15629
15634
15641
15643
15646
15683
15706
15731
15758
15767
15773
15787
15791
15814
15817
15866
15874
15887
15889
15898
15901
15907
15926
15937
15959
15973
15991
16001
16018
16061
16069
16078
16087
16106
16162
16183
16186
16187
16217
16223
16229
16234
16246
16267
16322
16334
16342
16358
16369
16381
16411
16418
16421
16427
16433
16442
16451
16453
16466
16477
16481
16493
16519
16546
16553
16561
16567
16573
16586
16594
16607
16619
16649
16651
16657
16661
16673
16691
16693
16726
16738
16747
16754
16778
16831
16858
16901
16903
16921
16922
16927
16931
16934
16937
16963
16987
16993
17029
17041
17042
17047
17054
17077
17078
17093
17099
17107
17117
17123
17159
17167
17183
17189
17191
17198
17209
17239
17257
17293
17327
17333
17341
17377
17426
17431
17438
17471
17474
17477
17482
17491
17494
17558
17569
17573
17579
17581
17599
17623
17657
17669
17674
17698
17713
17726
17734
17737
17747
17749
17858
17882
17902
17909
17921
17923
17929
17938
17939
17957
17971
17977
17981
17998
18002
18014
18022
18026
18041
18049
18058
18077
18089
18098
18119
18121
18131
18169
18191
18199
18217
18218
18223
18269
18301
18311
18313
18314
18329
18362
18371
18374
18379
18398
18406
18413
18418
18461
18478
18493
18517
18521
18539
18583
18586
18587
18593
18637
18638
18671
18713
18731
18743
18749
18794
18806
18838
18842
18917
18979
19022
19031
19081
19094
19102
19121
19139
19163
19174
19181
19213
19231
19237
19238
19262
19286
19289
19298
19301
19309
19319
19333
19358
19379
19391
19417
19421
19423
19427
19429
19433
19447
19457
19463
19466
19469
19477
19478
19483
19489
19501
19507
19531
19534
19538
19543
19553
19571
19583
19661
19666
19681
19697
19702
19714
19727
19766
19777
19793
19814
19858
19862
19867
19882
19889
19891
19898
19927
19949
19961
19963
19991
19997
20014
20021
20029
20078
20089
20123
20138
20149
20173
20177
20186
20206
20222
20233
20249
20261
20287
20297
20302
20318
20341
20347
20353
20354
20369
20386
20393
20399
20411
20431
20477
20479
20483
20506
20518
20534
20551
20563
20599
20606
20627
20642
20666
20681
20686
20693
20717
20731
20743
20747
20749
20759
20771
20773
20782
20798
20809
20866
20887
20897
20903
20914
20947
20954
20963
20983
20998
21002
21013
21017
21023
21089
21101
21107
21118
21134
21139
21157
21163
21169
21187
21191
21193
21211
21221
21226
21247
21262
21277
21283
21302
21313
21314
21319
21341
21347
21377
21382
21383
21397
21401
21419
21422
21433
21446
21458
21466
21481
21499
21503
21517
21563
21578
21587
21598
21601
21613
21617
21649
21701
21706
21713
21727
21739
21751
21766
21773
21782
21787
21803
21817
21818
21821
21841
21871
21881
21914
21943
21958
21977
21991
21997
22006
22031
22037
22063
22091
22109
22111
22114
22133
22138
22153
22159
22166
22171
22174
22186
22193
22226
22229
22238
22247
22262
22271
22279
22283
22303
22322
22342
22367
22369
22394
22397
22409
22426
22433
22447
22453
22469
22483
22514
22531
22571
22573
22574
22613
22642
22643
22651
22658
22669
22679
22706
22709
22721
22738
22766
22783
22786
22807
22811
22859
22861
22874
22886
22894
22901
22961
22973
22978
22994
23003
23006
23017
23021
23029
23038
23039
23041
23053
23063
23087
23099
23143
23158
23167
23227
23234
23242
23269
23279
23291
23297
23311
23314
23321
23327
23333
23357
23369
23378
23417
23473
23497
23549
23554
23557
23563
23581
23602
23603
23609
23623
23626
23629
23654
23663
23666
23669
23677
23687
23689
23734
23747
23761
23762
23774
23789
23794
23801
23806
23833
23866
23869
23878
23893
23906
23929
23938
23957
23977
23981
24007
24014
24043
24061
24082
24083
24086
24091
24103
24109
24113
24137
24179
24202
24223
24226
24229
24251
24298
24337
24371
24391
24394
24421
24443
24469
24473
24478
24481
24482
24499
24527
24547
24571
24578
24602
24646
24658
24683
24691
24746
24749
24758
24763
24793
24799
24802
24809
24818
24841
24851
24859
24866
24874
24877
24907
24914
24919
24943
24953
24958
24961
24974
24989
24994
25006
25013
25022
25031
25033
25034
25054
25057
25078
25094
25111
25117
25121
25138
25153
25166
25169
25171
25183
25219
25222
25226
25243
25261
25274
25303
25306
25321
25342
25357
25378
25391
25411
25426
25439
25453
25469
25486
25514
25523
25541
25579
25583
25598
25601
25609
25646
25657
25679
25682
25693
25703
25717
25733
25747
25763
25771
25793
25798
25799
25801
25819
25822
25834
25838
25841
25846
25873
25882
25903
25919
25933
25934
25939
25946
25958
25997
25999
26002
26006
26014
26018
26041
26083
26086
26107
26113
26126
26141
26153
26171
26177
26186
26209
26218
26237
26249
26254
26293
26294
26309
26317
26318
26321
26347
26354
26357
26387
26393
26417
26423
26437
26458
26459
26479
26497
26513
26518
26561
26573
26591
26618
26641
26654
26683
26693
26699
26701
26711
26717
26731
26734
26737
26762
26783
26794
26798
26801
26833
26839
26879
26882
26891
26914
26938
26953
26954
26993
27011
27017
27026
27059
27061
27067
27074
27091
27103
27106
27109
27127
27143
27154
27191
27197
27211
27238
27241
27254
27259
27266
27271
27277
27281
27299
27329
27338
27367
27382
27394
27407
27409
27427
27431
27442
27446
27449
27457
27481
27487
27502
27509
27514
27526
27541
27551
27562
27581
27583
27598
27631
27653
27658
27662
27689
27701
27737
27749
27751
27766
27773
27799
27803
27806
27862
27919
27926
27941
27947
27961
27983
27997
28057
28066
28069
28081
28087
28097
28142
28162
28166
28174
28183
28201
28219
28298
28318
28319
28349
28354
28387
28393
28394
28403
28409
28414
28433
28442
28493
28498
28513
28547
28549
28562
28571
28573
28607
28627
28631
28642
28663
28687
28711
28738
28771
28778
28789
28802
28813
28817
28843
28846
28867
28871
28874
28879
28909
28922
28927
28961
28979
29021
29027
29101
29129
29179
29186
29221
29242
29254
29266
29269
29287
29327
29338
29347
29383
29387
29389
29401
29426
29434
29437
29483
29494
29501
29506
29518
29534
29573
29594
29611
29629
29633
29642
29663
29717
29723
29741
29774
29789
29794
29833
29837
29846
29851
29879
29881
29902
29914
29917
29966
29983
29989
30013
30026
30047
30059
30089
30097
30103
30109
30113
30122
30139
30146
30154
30161
30182
30187
30197
30202
30203
30223
30241
30242
30259
30271
30274
30313
30323
30341
30367
30403
30427
30434
30482
30491
30497
30539
30553
30554
30559
30578
30614
30626
30629
30631
30658
30661
30677
30697
30707
30713
30727
30746
30757
30763
30773
30802
30803
30809
30878
30886
30911
30922
30931
30937
30946
30949
30977
31019
31051
31054
31079
31118
31123
31147
31151
31153
31166
31181
31193
31214
31231
31237
31238
31249
31253
31258
31267
31277
31282
31286
31307
31321
31357
31366
31387
31391
31393
31397
31462
31469
31477
31481
31511
31534
31546
31567
31574
31582
31583
31601
31607
31634
31657
31727
31729
31751
31769
31774
31778
31802
31814
31849
31873
31874
31907
31918
31946
31982
32002
32009
32027
32029
32063
32069
32083
32089
32099
32117
32119
32122
32138
32143
32174
32189
32203
32233
32237
32251
32261
32303
32321
32327
32341
32353
32366
32374
32413
32429
32434
32446
32458
32497
32507
32533
32534
32569
32609
32611
32633
32647
32653
32687
32693
32707
32719
32738
32762
32779
32783
32803
32822
32839
32842
32843
32854
32866
32869
32902
32906
32911
32917
32933
32939
32954
32957
32962
32971
32986
32993
33029
33038
33053
33083
33091
33106
33107
33122
33134
33146
33149
33151
33161
33179
33214
33223
33238
33287
33298
33302
33311
33314
33322
33329
33331
33343
33346
33353
33377
33382
33386
33403
33409
33413
33457
33494
33529
33533
33563
33569
33577
33589
33617
33623
33637
33647
33662
33703
33721
33739
33749
33757
33767
33769
33773
33791
33802
33806
33809
33842
33854
33857
33862
33874
33893
33926
33937
33941
33974
33986
34033
34057
34058
34061
34082
34094
34129
34154
34157
34171
34186
34198
34213
34214
34231
34234
34246
34259
34318
34319
34327
34334
34337
34361
34366
34369
34378
34382
34418
34421
34439
34469
34478
34487
34501
34514
34553
34583
34586
34589
34631
34651
34654
34666
34667
34673
34682
34687
34703
34739
34747
34754
34781
34841
34843
34849
34862
34871
34913
34942
34954
34961
34963
34981
34982
35023
35051
35069
35083
35089
35107
35117
35138
35141
35146
35153
35158
35162
35198
35221
35227
35246
35257
35279
35291
35311
35314
35317
35338
35363
35393
35407
35419
35426
35447
35474
35491
35494
35498
35507
35521
35527
35531
35533
35537
35543
35593
35597
35617
35729
35747
35753
35797
35801
35818
35839
35842
35846
35858
35878
35879
35897
35914
35933
35942
35954
35962
35977
35983
35999
36007
36011
36017
36037
36082
36098
36131
36154
36161
36178
36209
36217
36238
36241
36242
36262
36299
36313
36319
36338
36343
36373
36382
36389
36398
36434
36446
36451
36467
36469
36479
36493
36523
36529
36538
36551
36559
36563
36571
36587
36599
36602
36622
36626
36637
36643
36658
36677
36683
36709
36713
36742
36749
36758
36767
36793
36809
36821
36826
36833
36857
36913
36922
36923
36929
36931
36943
36947
36973
36986
36997
37021
37034
37039
37042
37049
37061
37078
37117
37159
37166
37171
37174
37186
37253
37274
37277
37307
37309
37313
37321
37337
37342
37357
37361
37363
37369
37379
37423
37426
37462
37463
37486
37498
37501
37507
37511
37517
37529
37537
37547
37549
37561
37567
37571
37579
37591
37633
37649
37657
37699
37747
37781
37799
37811
37813
37834
37847
37853
37861
37879
37951
37958
37967
37987
37991
38039
38047
38062
38069
38083
38119
38149
38162
38189
38197
38201
38219
38231
38237
38239
38242
38261
38278
38299
38326
38329
38351
38362
38377
38393
38426
38449
38453
38459
38461
38462
38474
38557
38567
38578
38602
38618
38629
38638
38639
38651
38653
38666
38693
38699
38713
38723
38729
38737
38747
38758
38782
38791
38833
38834
38839
38842
38846
38854
38858
38861
38866
38867
38873
38894
38903
38914
38921
38926
38933
38938
38953
38954
38959
38966
38977
38978
38993
39002
39014
39043
39047
39062
39079
39086
39106
39107
39139
39142
39161
39166
39181
39191
39199
39209
39217
39229
39301
39322
39341
39362
39367
39394
39397
39409
39419
39439
39454
39461
39509
39521
39541
39554
39569
39581
39586
39623
39659
39679
39719
39727
39733
39734
39769
39778
39779
39782
39799
39854
39869
39877
39898
39901
39922
39926
39929
39937
39953
39971
39982
39994
40039
40042
40058
40063
40151
40178
40231
40237
40241
40246
40253
40277
40283
40298
40343
40346
40354
40427
40429
40466
40471
40487
40498
40499
40522
40574
40577
40594
40609
40639
40682
40694
40697
40706
40738
40751
40771
40786
40798
40801
40819
40822
40829
40841
40849
40862
40867
40879
40883
40933
40954
40958
40966
40973
41047
41081
41102
41113
41126
41131
41141
41143
41177
41179
41183
41189
41198
41221
41227
41243
41254
41281
41299
41333
41341
41351
41357
41362
41386
41389
41411
41413
41434
41462
41486
41491
41494
41498
41513
41518
41519
41539
41542
41546
41579
41593
41597
41603
41617
41618
41621
41627
41651
41669
41719
41761
41771
41774
41777
41794
41801
41806
41809
41843
41863
41879
41894
41926
41927
41941
41957
41959
41966
41969
41981
41983
42017
42026
42034
42046
42073
42101
42169
42178
42181
42187
42197
42202
42209
42214
42223
42239
42278
42281
42299
42307
42314
42326
